31.98
[2.0]
48.84
[0.28603773584905656]
39.7
[0.0]
32.6
[0.12]
33.54
[0.20552147239263804]
36.96
[0.18643744030563508]
39.1
[0.08966799468791492]
34.30666666666667
[0.19306564690885913]
33.54666666666667
[0.289889502762431]
32.38
[0.36]
40.08
[0.4]
44.98
[0.007083333333333275]
44.38
[0.48]
51.36
[0.7820879120879122]
35.02
[0.56]
31.8
[0.39999999999999997]
36.54
[0.22878504672897243]
32.74
[0.8800000000000001]
26.16
[0.9199999999999999]
36.38
[0.36000000000000004]
42.64
[1.2]
29.2
[0.8036752136752138]
37.3
[1.3310585305105853]
34.9
[1.0075598086124402]
36.42
[1.16]
42.02
[1.2]
32.6
[0.5972368421052633]
41.22
[1.0534848484848485]
47.66
[1.0672668810289392]
54.02
[1.16]
29.44
[1.196470588235294]
37.56
[1.3055509065550905]
42.0
[1.2875362318840582]
45.60666666666667
[1.7487019618382154]
42.54
[1.9227054361567637]
37.78
[1.907007786429366]
39.54
[1.6816000000000002]
39.36
[1.68]
34.34
[1.12]
46.74666666666666
[1.56]
33.18
[1.5192588980984887]
37.42
[1.2400000000000002]
47.48
[1.68]
34.68
[1.72]
39.7
[1.56]
33.2
[2.0]
40.54
[1.1125925925925926]
31.94
[0.0]
32.1
[2.0]
40.88
[1.8925964546402503]